   867.38727       310.48549       13.01699
   12.50000       310.48549       13.01699
   37.50000       310.45405       12.99060
   62.50000       310.47553       12.92859
   87.50001       310.51199       12.89315
   112.50001       310.52108       12.95059
   137.50000       310.53485       12.88349
   162.50002       310.57043       12.88442
   187.50002       310.59556       12.87776
   212.50000       310.59911       12.89113
   237.50002       310.60820       12.92859
   262.50003       310.62368       12.87907
   287.50003       310.61189       12.72297
   312.50000       310.64858       12.71711
   337.50000       310.67451       12.70507
   362.50000       310.68362       12.73441
   387.50003       310.70621       12.64461
   412.50003       310.74073       12.51367
   437.50003       310.87774       12.16300
   462.50003       311.02223       12.04169
   487.50000       311.00254       12.09143
   512.50006       311.26506       11.91306
   537.50000       311.34448       11.82086
   562.50000       311.41875       11.57755
   587.50006       311.56096       11.31230
   612.50000       311.66201       11.14702
   637.50006       311.99409       10.41126
   662.50000       312.36717       9.76192
   687.50006       312.61356       9.16353
   712.50006       312.93053       8.41234
   737.50000       313.28286       7.76411
   762.50006       313.49335       7.35198
   787.50000       313.90639       6.60748
   812.50006       313.96648       6.55233
   837.50006       314.04467       6.54862
   862.50000       314.10271       6.50801
   887.50006       314.13946       6.48904
   912.50000       314.24390       6.54570
   937.50006       314.27700       6.48147
   962.50006       314.39149       6.53810
   987.50006       314.41979       6.56095
   1012.50006       314.43600       6.51434
   1037.50000       314.39682       6.48401
   1062.50000       314.36503       6.48312
   1087.50012       314.41344       6.48208
   1112.50012       314.43228       6.47159
   1137.50000       314.43048       6.43913
   1162.50000       314.49237       6.38027
   1187.50000       314.55570       6.27269
   1212.50012       314.60284       6.20169
   1237.50012       314.69499       5.94064
   1262.50000       314.76222       5.69738
   1287.50000       314.78407       5.65476
   1312.50012       314.85667       5.53239
   1337.50012       314.88265       5.54117
   1362.50012       314.87924       5.49601
   1387.50000       314.93732       5.40043
   1412.50000       315.04360       5.17543
   1437.50012       315.11849       5.05057
   1462.50012       315.16142       5.02140
   1487.50012       315.18484       5.00804
   1512.50000       315.20509       5.06292
   1537.50000       315.30864       5.19787
   1562.50012       315.33868       5.19442
   1587.50012       315.44890       5.00057
   1612.50012       315.53322       4.98376
   1637.50000       315.55905       4.88905
   1662.50000       315.60727       4.86584
   1687.50012       315.77222       4.90435
   1712.50012       315.82152       4.78724
   1737.50012       315.86628       4.66486
   1762.50000       315.90914       4.60247
   1787.50012       315.95033       4.56132
   1812.50012       315.95945       4.51231
   1837.50012       316.06280       4.46506
   1862.50012       316.23218       3.54282
   1887.50000       316.47689       3.43982
   1912.50012       316.67718       3.57108
   1937.50012       316.71247       3.60637
   1962.50012       316.75055       3.67588
   1987.50012       316.80694       3.71916
   2012.50000       316.83694       3.73280
   2037.50012       316.83408       3.69053
   2062.50000       316.91091       3.60989
   2087.50000       316.93698       3.55220
   2112.50024       316.99119       3.55938
   2137.50000       317.00798       3.54738
   2162.50024       317.08184       3.53552
   2187.50000       317.09826       3.52261
   2212.50000       317.13113       3.50508
   2237.50024       317.18250       3.48832
   2262.50000       317.20025       3.47653
   2287.50024       317.25012       3.47505
   2312.50000       317.28011       3.39978
   2337.50000       317.34807       3.33190
   2362.50024       317.33543       3.35621
   2387.50000       317.35565       3.35139
   2412.50024       317.35541       3.35249
   2437.50000       317.41343       3.33576
   2462.50000       317.42280       3.33798
   2487.50024       317.44188       3.30932
   2512.50000       317.43196       3.33124
   2537.50024       317.43888       3.31710
   2562.50024       317.56869       3.20922
   2587.50000       317.57979       3.14241
   2612.50024       317.63455       3.09650
   2637.50000       317.64384       3.06142
   2662.50024       317.67631       3.03891
   2687.50024       317.65823       3.01759
   2712.50000       317.69364       2.96805
   2737.50024       317.68500       2.99693
   2762.50000       317.70023       2.95659
   2787.50024       317.73503       2.89779
   2812.50024       317.77908       2.80127
   2837.50000       317.83051       2.73934
   2862.50024       317.83866       2.74489
   2887.50000       317.88359       2.71554
   2912.50024       317.84256       2.72141
   2937.50024       317.86234       2.72628
   2962.50000       317.85740       2.70101
   2987.50024       317.86654       2.74426
   3012.50000       317.86500       2.71133
   3041.93579       317.87169       2.70034
   3080.24219       317.91435       2.67127
   3127.41943       317.92344       2.66176
   3183.46777       317.93477       2.64681
   3248.38745       317.92710       2.63797
   3322.17749       318.06835       2.47674
   3404.83911       318.08370       2.50590
   3496.37134       318.10487       2.50120
   3596.77466       318.14776       2.42212
   3706.04858       318.34901       2.18760
   3824.19360       318.48838       2.10527
   3951.20996       318.58730       2.09477
   4087.09668       318.58990       2.06311
   4231.85498       318.69245       2.02180
   4385.48438       319.25666       1.57799
   4547.98389       319.91417       1.35298
   4719.35498       320.09209       0.71471
   4899.59668       320.44244       0.52563
   5088.71045       320.50590       0.50589
   5286.69385       320.73061       0.52968
   5493.54834       321.29075       0.46906
   5709.27490       322.01411       0.37703
   5933.87109       322.49162       0.34673
   6167.33936       322.90170       0.30496
   6409.67822       324.10405       0.29936
   6660.88770       325.03328       0.32146
   6920.96826       326.90097       0.30580
   7189.91943       329.12505       0.30035
   7467.74170       330.44088       0.25312
   7754.43604       331.83076       0.17874
   8050.00000       332.83568       0.17693
   8350.00000       334.09521       0.14963
   8650.00098       335.58708       0.12381
   8950.00098       335.98277       0.09615
   9250.00000       336.88805       0.06986
   9550.00000       338.89448       0.05684
   9850.00000       342.54283       0.04578
   10150.00098       343.96348       0.03335
   10450.00098       344.93404       0.02683
   10750.00098       345.41363       0.01809
   11050.00000       346.29717       0.01446
   11350.00000       346.88889       0.01007
   11650.00098       347.60722       0.00685
   11950.00098       351.85671       0.00688
   12250.00098       358.81495       0.00403
   12550.00000       362.54773       0.00339
   12850.00000       370.30448       0.00291
   13150.00098       374.56750       0.00225
   13450.00098       379.15471       0.00202
   13750.00098       383.99153       0.00155
   14050.00000       388.79589       0.00166
   14350.00000       392.95795       0.00140
   14650.00098       397.39418       0.00131
   14950.00098       406.61343       0.00181
   15250.00098       408.78926       0.00135
   15550.00098       415.96792       0.00132
   15850.00000       419.67180       0.00127
