   867.38727       310.97354       13.16455
   12.50000       310.97354       13.16455
   37.50000       310.92673       13.12466
   62.50000       310.89158       13.08494
   87.50001       310.91332       13.04652
   112.50001       310.94249       13.13372
   137.50000       310.97246       13.05192
   162.50002       311.03400       13.04854
   187.50002       311.07720       13.03371
   212.50000       311.07750       12.99509
   237.50002       311.08786       13.09398
   262.50003       311.11431       13.03869
   287.50003       311.09740       12.79154
   312.50000       311.15094       12.79101
   337.50000       311.18340       12.74919
   362.50000       311.19019       12.76474
   387.50003       311.22935       12.66013
   412.50003       311.27608       12.47248
   437.50003       311.48035       11.94411
   462.50003       311.69331       11.77888
   487.50000       311.65821       11.84054
   512.50006       311.79180       11.39384
   537.50000       311.90967       11.26597
   562.50000       312.01680       10.83845
   587.50006       312.22758       10.47273
   612.50000       312.38209       10.22084
   637.50006       312.87451       9.11668
   662.50000       313.43276       8.15038
   687.50006       313.79429       7.26852
   712.50006       314.27067       6.17079
   737.50000       314.76084       5.29266
   762.50006       315.06893       4.68947
   787.50000       315.66729       3.62824
   812.50006       315.73654       3.57998
   837.50006       315.83318       3.60506
   862.50000       315.90458       3.57421
   887.50006       315.92910       3.56706
   912.50000       316.05296       3.68837
   937.50006       316.08866       3.61748
   962.50006       316.23345       3.72402
   987.50006       316.26681       3.72753
   1012.50006       316.28955       3.64813
   1037.50000       316.20317       3.62570
   1062.50000       316.16417       3.63346
   1087.50012       316.24104       3.64652
   1112.50012       316.25905       3.60010
   1137.50000       316.21066       3.61012
   1162.50000       316.24785       3.67293
   1187.50000       316.26933       3.65162
   1212.50012       316.27700       3.66509
   1237.50012       316.29676       3.62858
   1262.50000       316.21435       3.60751
   1287.50000       316.20958       3.59866
   1312.50012       316.20024       3.60921
   1337.50012       316.23905       3.60955
   1362.50012       316.22016       3.59278
   1387.50000       316.24821       3.62171
   1412.50000       316.24991       3.59387
   1437.50012       316.20796       3.57681
   1462.50012       316.20654       3.58098
   1487.50012       316.24216       3.55945
   1512.50000       316.25658       3.64554
   1537.50000       316.40295       3.84328
   1562.50012       316.39479       4.02274
   1587.50012       316.43955       3.97645
   1612.50012       316.48657       3.99118
   1637.50000       316.43645       3.98117
   1662.50000       316.43214       4.01828
   1687.50012       316.64208       4.14015
   1712.50012       316.66682       4.09936
   1737.50012       316.59627       4.08608
   1762.50000       316.57416       4.12363
   1787.50012       316.58783       4.10657
   1812.50012       316.57428       4.09506
   1837.50012       316.66947       4.07889
   1862.50012       316.75578       4.12872
   1887.50000       316.96332       4.15542
   1912.50012       317.25144       4.34343
   1937.50012       317.30078       4.38542
   1962.50012       317.34082       4.46163
   1987.50012       317.41339       4.50343
   2012.50000       317.45344       4.50911
   2037.50012       317.45020       4.44539
   2062.50000       317.53740       4.25909
   2087.50000       317.57812       4.17795
   2112.50024       317.64910       4.17410
   2137.50000       317.65867       4.15063
   2162.50024       317.75698       4.12248
   2187.50000       317.77455       4.11009
   2212.50000       317.81335       4.09500
   2237.50024       317.86767       4.08227
   2262.50000       317.86407       4.07150
   2287.50024       317.88546       4.07241
   2312.50000       317.91201       3.97407
   2337.50000       317.98509       3.88814
   2362.50024       317.94643       3.93906
   2387.50000       317.96116       3.93523
   2412.50024       317.94006       3.94618
   2437.50000       317.95990       3.95014
   2462.50000       317.93829       3.95670
   2487.50024       317.95577       3.91859
   2512.50000       317.94153       3.95948
   2537.50024       317.94339       3.92686
   2562.50024       318.13640       3.76457
   2587.50000       318.16513       3.67423
   2612.50024       318.22984       3.61089
   2637.50000       318.25096       3.55257
   2662.50024       318.29714       3.51919
   2687.50024       318.27147       3.48925
   2712.50000       318.32281       3.41827
   2737.50024       318.30568       3.46304
   2762.50000       318.33346       3.40254
   2787.50024       318.38874       3.31572
   2812.50024       318.44825       3.16345
   2837.50000       318.52505       3.07921
   2862.50024       318.51994       3.07547
   2887.50000       318.54579       3.05335
   2912.50024       318.52880       3.06010
   2937.50024       318.57258       3.07982
   2962.50000       318.55958       3.04067
   2987.50024       318.57905       3.08395
   3012.50000       318.57316       3.03797
   3041.93579       318.57919       3.01582
   3080.24219       318.60990       2.98445
   3127.41943       318.60552       2.96734
   3183.46777       318.64654       2.94140
   3248.38745       318.63822       2.93513
   3322.17749       318.66879       2.91041
   3404.83911       318.64377       2.91258
   3496.37134       318.68730       2.90133
   3596.77466       318.71209       2.83415
   3706.04858       318.83901       2.66809
   3824.19360       318.96061       2.54046
   3951.20996       319.07439       2.48774
   4087.09668       319.08816       2.43006
   4231.85498       319.13160       2.40797
   4385.48438       319.95918       1.78176
   4547.98389       320.68638       1.58945
   4719.35498       320.86075       0.64627
   4899.59668       320.98257       0.51958
   5088.71045       321.04305       0.51594
   5286.69385       321.50036       0.55931
   5493.54834       322.20953       0.46501
   5709.27490       323.00372       0.33728
   5933.87109       323.56282       0.31360
   6167.33936       323.94099       0.28456
   6409.67822       325.00830       0.29015
   6660.88770       325.84681       0.34941
   6920.96826       327.68215       0.30127
   7189.91943       330.21114       0.30759
   7467.74170       331.21938       0.25243
   7754.43604       332.84993       0.18730
   8050.00000       333.71495       0.18374
   8350.00000       334.36367       0.14516
   8650.00098       336.25619       0.12600
   8950.00098       336.62069       0.09601
   9250.00000       337.74912       0.06848
   9550.00000       339.77902       0.05420
   9850.00000       342.02092       0.04241
   10150.00098       343.77412       0.03406
   10450.00098       344.90218       0.02627
   10750.00098       345.66289       0.01852
   11050.00000       346.86174       0.01487
   11350.00000       347.55866       0.01042
   11650.00098       348.51657       0.00733
   11950.00098       354.59564       0.00834
   12250.00098       361.25762       0.00350
   12550.00000       364.40507       0.00242
   12850.00000       371.05577       0.00301
   13150.00098       375.39977       0.00222
   13450.00098       380.55026       0.00213
   13750.00098       384.57104       0.00158
   14050.00000       389.28362       0.00184
   14350.00000       393.34415       0.00137
   14650.00098       397.42165       0.00135
   14950.00098       408.13474       0.00202
   15250.00098       410.23493       0.00144
   15550.00098       420.57833       0.00141
   15850.00000       426.08930       0.00136
