   12.50000       -7.07954       1.43943
   37.50000       -8.80786       2.01966
   62.50000       -10.42534       2.45899
   87.50001       -11.49043       2.76817
   112.50001       -12.12498       2.79711
   137.50000       -12.44534       2.79711
   162.50002       -12.53132       2.81455
   187.50002       -12.59246       2.82561
   212.50000       -12.64450       2.79676
   237.50002       -12.69447       2.77398
   262.50003       -12.74343       2.73289
   287.50003       -12.69264       2.73289
   312.50000       -12.72108       2.73289
   337.50000       -12.76990       2.74376
   362.50000       -12.81424       2.74376
   387.50003       -12.84712       2.74482
   412.50003       -12.87258       2.76252
   437.50003       -12.97906       2.76994
   462.50003       -12.99695       2.45772
   487.50000       -13.01024       1.96363
   512.50006       -13.01475       1.52392
   537.50000       -13.01475       1.15826
   562.50000       -12.90413       0.67563
   587.50006       -12.61835       0.22515
   612.50000       -12.28181       -0.27874
   637.50006       -11.80760       -0.92403
   662.50000       -11.25452       -1.54524
   687.50006       -10.64411       -2.07263
   712.50006       -10.12885       -2.39686
   737.50000       -9.52200       -2.64846
   762.50006       -9.08654       -2.76115
   787.50000       -8.64758       -2.82589
   812.50006       -8.35115       -2.87390
   837.50006       -8.01163       -2.98256
   862.50000       -7.78319       -3.10431
   887.50006       -7.43367       -3.31564
   912.50000       -6.99296       -3.59629
   937.50006       -6.50732       -3.71633
   962.50006       -6.11690       -3.78440
   987.50006       -5.68590       -3.85105
   1012.50006       -5.38117       -3.91022
   1037.50000       -5.09934       -3.97689
   1062.50000       -4.86027       -4.09932
   1087.50012       -4.71034       -4.19878
   1112.50012       -4.62436       -4.28919
   1137.50000       -4.53717       -4.34953
   1162.50000       -4.43746       -4.38176
   1187.50000       -4.34179       -4.39962
   1212.50012       -4.24388       -4.44110
   1237.50012       -4.10924       -4.45841
   1262.50000       -3.92197       -4.42417
   1287.50000       -3.65747       -4.38223
   1312.50012       -3.30158       -4.38158
   1337.50012       -2.95497       -4.38158
   1362.50012       -2.50517       -4.07640
   1387.50000       -2.09683       -3.78098
   1412.50000       -1.73574       -3.50234
   1437.50012       -1.37674       -3.45258
   1462.50012       -1.03416       -3.30983
   1487.50012       -0.74006       -3.17598
   1512.50000       -0.38437       -3.09173
   1537.50000       -0.06236       -3.04251
   1562.50012       0.42318       -2.93632
   1587.50012       0.86070       -2.85276
   1612.50012       1.40167       -2.77657
   1637.50000       1.99948       -2.77657
   1662.50000       2.51110       -2.77657
   1687.50012       2.96757       -2.77657
   1712.50012       3.33118       -2.38070
   1737.50012       3.74536       -1.77205
   1762.50000       4.30575       -1.21489
   1787.50012       4.85790       -1.01448
   1812.50012       5.38748       -0.99398
   1837.50012       5.95538       -1.00321
   1862.50012       6.42597       -1.00386
   1887.50000       6.76490       -1.00430
   1912.50012       7.00351       -1.00144
   1937.50012       7.24058       -0.99619
   1962.50012       7.32885       -0.99619
   1987.50012       7.35346       -0.99619
   2012.50000       7.39813       -0.97167
   2037.50012       7.44867       -0.86936
   2062.50000       7.49554       -0.69706
   2087.50000       7.53713       -0.43517
   2112.50024       7.58106       -0.18723
   2137.50000       7.64812       -0.10052
   2162.50024       7.85097       -0.02121
   2187.50000       8.10708       0.07206
   2212.50000       8.40314       0.16103
   2237.50024       8.77339       0.23753
   2262.50000       9.13352       0.26163
   2287.50024       9.48292       0.31810
   2312.50000       9.84514       0.37631
   2337.50000       10.08830       0.42519
   2362.50024       10.25835       0.46132
   2387.50000       10.36651       0.47769
   2412.50024       10.47772       0.54175
   2437.50000       10.59402       0.63343
   2462.50000       10.78489       0.81578
   2487.50024       11.02561       1.05773
   2512.50000       11.29619       1.35228
   2537.50024       11.47516       1.56150
   2562.50024       11.59350       1.60000
   2587.50000       11.65471       1.60000
   2612.50024       11.74990       1.60000
   2637.50000       11.89469       1.61394
   2662.50024       12.06109       1.65018
   2687.50024       12.20319       1.64563
   2712.50000       12.26870       1.62297
   2737.50024       12.31127       1.65242
   2762.50000       12.38749       1.68649
   2787.50024       12.55471       1.70933
   2812.50024       12.83960       1.74755
   2837.50000       13.16814       1.77518
   2862.50024       13.47869       1.67748
   2887.50000       13.77418       1.55222
   2912.50024       14.05139       1.52800
   2937.50024       14.25359       1.52902
   2962.50000       14.39521       1.53047
   2987.50024       14.48847       1.53839
   3012.50000       14.57569       1.52069
   3041.93579       14.63450       1.52069
   3080.24219       14.59867       1.54434
   3127.41943       14.60152       1.57686
   3183.46777       14.62455       1.50279
   3248.38745       14.87003       1.36961
   3322.17749       14.96806       1.31131
   3404.83911       14.95643       1.08326
   3496.37134       15.07598       0.98436
   3596.77466       15.61120       1.35931
   3706.04858       15.81067       2.08961
   3824.19360       15.89614       2.14138
   3951.20996       15.82999       1.67829
   4087.09668       15.51701       1.40341
   4231.85498       15.33791       1.09661
   4385.48438       14.86653       0.77058
   4547.98389       14.67558       0.33329
   4719.35498       15.12927       -0.37340
   4899.59668       15.54132       -1.47641
   5088.71045       15.42437       -1.97057
   5286.69385       13.76865       -1.42488
   5493.54834       12.85801       -0.64482
   5709.27490       9.64088       -0.77985
   5933.87109       8.48207       -1.21916
   6167.33936       7.30597       -1.90184
   6409.67822       9.40286       -1.03107
   6660.88770       12.52237       0.57034
   6920.96826       13.47458       4.67959
   7189.91943       8.06572       5.30154
   7467.74170       4.05377       7.83812
   7754.43604       1.18463       6.95874
   8050.00000       2.95683       5.51993
   8350.00000       6.15442       5.03182
   8650.00098       9.48692       8.08464
   8950.00098       9.81013       10.65464
   9250.00000       10.64944       14.28765
   9550.00000       8.36969       16.59944
   9850.00000       0.34093       13.11315
   10150.00098       -2.25206       11.18608
   10450.00098       -5.37332       11.80961
   10750.00098       -5.74109       11.67353
   11050.00000       -3.17343       11.11510
   11350.00000       -3.17343       11.11510
   11650.00098       -3.17343       11.11510
   11950.00098       -3.17343       11.11510
   12250.00098       -3.17343       11.11510
   12550.00000       -3.17343       11.11510
   12850.00000       -3.17343       11.11510
   13150.00098       -3.17343       11.11510
   13450.00098       -3.17343       11.11510
   13750.00098       -3.17343       11.11510
   14050.00000       -3.17343       11.11510
   14350.00000       -3.17343       11.11510
   14650.00098       -3.17343       11.11510
   14950.00098       -3.17343       11.11510
   15250.00098       -3.17343       11.11510
   15550.00098       -3.17343       11.11510
   15850.00000       -3.17343       11.11510
