   867.38727       309.99744       12.86944
   12.50000       309.99744       12.86944
   37.50000       309.98137       12.85655
   62.50000       310.05948       12.77224
   87.50001       310.11065       12.73979
   112.50001       310.09967       12.76746
   137.50000       310.09724       12.71507
   162.50002       310.10687       12.72030
   187.50002       310.11393       12.72181
   212.50000       310.12073       12.78717
   237.50002       310.12854       12.76321
   262.50003       310.13305       12.71945
   287.50003       310.12637       12.65441
   312.50000       310.14622       12.64322
   337.50000       310.16561       12.66095
   362.50000       310.17705       12.70408
   387.50003       310.18307       12.62909
   412.50003       310.20537       12.55487
   437.50003       310.27514       12.38188
   462.50003       310.35116       12.30450
   487.50000       310.34686       12.34232
   512.50006       310.73831       12.43227
   537.50000       310.77930       12.37575
   562.50000       310.82069       12.31665
   587.50006       310.89435       12.15187
   612.50000       310.94192       12.07320
   637.50006       311.11368       11.70583
   662.50000       311.30158       11.37346
   687.50006       311.43283       11.05854
   712.50006       311.59038       10.65389
   737.50000       311.80488       10.23555
   762.50006       311.91778       10.01450
   787.50000       312.14550       9.58672
   812.50006       312.19642       9.52468
   837.50006       312.25616       9.49218
   862.50000       312.30083       9.44181
   887.50006       312.34982       9.41101
   912.50000       312.43483       9.40304
   937.50006       312.46535       9.34546
   962.50006       312.54953       9.35218
   987.50006       312.57278       9.39437
   1012.50006       312.58244       9.38054
   1037.50000       312.59047       9.34231
   1062.50000       312.56589       9.33277
   1087.50012       312.58585       9.31763
   1112.50012       312.60551       9.34308
   1137.50000       312.65031       9.26814
   1162.50000       312.73688       9.08762
   1187.50000       312.84206       8.89375
   1212.50012       312.92869       8.73830
   1237.50012       313.09322       8.25270
   1262.50000       313.31010       7.78726
   1287.50000       313.35856       7.71086
   1312.50012       313.51311       7.45557
   1337.50012       313.52625       7.47279
   1362.50012       313.53832       7.39923
   1387.50000       313.62642       7.17916
   1412.50000       313.83730       6.75699
   1437.50012       314.02902       6.52433
   1462.50012       314.11630       6.46183
   1487.50012       314.12751       6.45664
   1512.50000       314.15359       6.48031
   1537.50000       314.21433       6.55247
   1562.50012       314.28256       6.36610
   1587.50012       314.45825       6.02469
   1612.50012       314.57988       5.97634
   1637.50000       314.68166       5.79692
   1662.50000       314.78239       5.71341
   1687.50012       314.90236       5.66856
   1712.50012       314.97621       5.47512
   1737.50012       315.13630       5.24364
   1762.50000       315.24413       5.08130
   1787.50012       315.31284       5.01607
   1812.50012       315.34461       4.92955
   1837.50012       315.45612       4.85122
   1862.50012       315.70857       2.95692
   1887.50000       315.99047       2.72423
   1912.50012       316.10292       2.79873
   1937.50012       316.12416       2.82733
   1962.50012       316.16027       2.89013
   1987.50012       316.20049       2.93488
   2012.50000       316.22044       2.95648
   2037.50012       316.21795       2.93567
   2062.50000       316.28443       2.96068
   2087.50000       316.29583       2.92645
   2112.50024       316.33328       2.94466
   2137.50000       316.35730       2.94413
   2162.50024       316.40669       2.94857
   2187.50000       316.42197       2.93512
   2212.50000       316.44890       2.91517
   2237.50024       316.49732       2.89437
   2262.50000       316.53642       2.88156
   2287.50024       316.61479       2.87769
   2312.50000       316.64820       2.82550
   2337.50000       316.71106       2.77565
   2362.50024       316.72443       2.77335
   2387.50000       316.75015       2.76756
   2412.50024       316.77076       2.75879
   2437.50000       316.86695       2.72139
   2462.50000       316.90731       2.71926
   2487.50024       316.92800       2.70006
   2512.50000       316.92239       2.70300
   2537.50024       316.93437       2.70733
   2562.50024       317.00098       2.65386
   2587.50000       316.99445       2.61059
   2612.50024       317.03925       2.58211
   2637.50000       317.03673       2.57027
   2662.50024       317.05548       2.55863
   2687.50024       317.04498       2.54593
   2712.50000       317.06447       2.51783
   2737.50024       317.06432       2.53083
   2762.50000       317.06700       2.51065
   2787.50024       317.08131       2.47986
   2812.50024       317.10991       2.43909
   2837.50000       317.13598       2.39946
   2862.50024       317.15739       2.41431
   2887.50000       317.22139       2.37773
   2912.50024       317.15633       2.38272
   2937.50024       317.15211       2.37275
   2962.50000       317.15523       2.36136
   2987.50024       317.15404       2.40458
   3012.50000       317.15684       2.38469
   3041.93579       317.16419       2.38486
   3080.24219       317.21879       2.35809
   3127.41943       317.24136       2.35618
   3183.46777       317.22300       2.35221
   3248.38745       317.21598       2.34081
   3322.17749       317.46791       2.04307
   3404.83911       317.52363       2.09922
   3496.37134       317.52243       2.10106
   3596.77466       317.58344       2.01008
   3706.04858       317.85900       1.70711
   3824.19360       318.01614       1.67009
   3951.20996       318.10021       1.70179
   4087.09668       318.09164       1.69616
   4231.85498       318.25330       1.63563
   4385.48438       318.55414       1.37422
   4547.98389       319.14195       1.11651
   4719.35498       319.32343       0.78314
   4899.59668       319.90231       0.53167
   5088.71045       319.96875       0.49583
   5286.69385       319.96085       0.50005
   5493.54834       320.37197       0.47311
   5709.27490       321.02450       0.41678
   5933.87109       321.42042       0.37985
   6167.33936       321.86241       0.32535
   6409.67822       323.19981       0.30857
   6660.88770       324.21976       0.29351
   6920.96826       326.11979       0.31034
   7189.91943       328.03897       0.29311
   7467.74170       329.66238       0.25382
   7754.43604       330.81158       0.17018
   8050.00000       331.95641       0.17012
   8350.00000       333.82675       0.15410
   8650.00098       334.91796       0.12163
   8950.00098       335.34484       0.09628
   9250.00000       336.02697       0.07123
   9550.00000       338.00994       0.05948
   9850.00000       343.06474       0.04915
   10150.00098       344.15284       0.03263
   10450.00098       344.96591       0.02739
   10750.00098       345.16438       0.01766
   11050.00000       345.73260       0.01405
   11350.00000       346.21913       0.00972
   11650.00098       346.69788       0.00637
   11950.00098       349.11778       0.00543
   12250.00098       356.37228       0.00456
   12550.00000       360.69039       0.00436
   12850.00000       369.55319       0.00281
   13150.00098       373.73523       0.00228
   13450.00098       377.75916       0.00192
   13750.00098       383.41201       0.00153
   14050.00000       388.30815       0.00148
   14350.00000       392.57175       0.00142
   14650.00098       397.36672       0.00127
   14950.00098       405.09213       0.00161
   15250.00098       407.34358       0.00126
   15550.00098       411.35751       0.00123
   15850.00000       413.25430       0.00117
