   12.50000       -7.70545       0.80647
   37.50000       -9.12873       1.23915
   62.50000       -10.75812       1.45881
   87.50001       -11.94465       1.61340
   112.50001       -12.65426       1.62787
   137.50000       -13.03597       1.62787
   162.50002       -13.20792       1.63659
   187.50002       -13.33022       1.59879
   212.50000       -13.43430       1.48043
   237.50002       -13.53422       1.36591
   262.50003       -13.63215       1.28373
   287.50003       -13.68851       1.28372
   312.50000       -13.77072       1.28372
   337.50000       -13.86837       1.28916
   362.50000       -13.95705       1.28916
   387.50003       -14.02280       1.29128
   412.50003       -14.07372       1.32669
   437.50003       -14.16240       1.34151
   462.50003       -14.19818       1.18541
   487.50000       -14.22476       0.93836
   512.50006       -14.23379       0.71851
   537.50000       -14.23379       0.53568
   562.50000       -14.17848       0.29436
   587.50006       -14.03559       0.02724
   612.50000       -13.86732       -0.30810
   637.50006       -13.62888       -0.72295
   662.50000       -13.32244       -1.13370
   687.50006       -12.95906       -1.49318
   712.50006       -12.62653       -1.73215
   737.50000       -12.22627       -1.93065
   762.50006       -11.91824       -2.05335
   787.50000       -11.62283       -2.14802
   812.50006       -11.43105       -2.22131
   837.50006       -11.24250       -2.31301
   862.50000       -11.10846       -2.40959
   887.50006       -10.89085       -2.55236
   912.50000       -10.53165       -2.77304
   937.50006       -10.08791       -2.93481
   962.50006       -9.67664       -3.07093
   987.50006       -9.23929       -3.20424
   1012.50006       -8.88945       -3.32257
   1037.50000       -8.58261       -3.43156
   1062.50000       -8.27129       -3.59010
   1087.50012       -8.05047       -3.72803
   1112.50012       -7.88625       -3.85692
   1137.50000       -7.72186       -3.98264
   1162.50000       -7.53614       -4.11427
   1187.50000       -7.35535       -4.23335
   1212.50012       -7.16712       -4.36000
   1237.50012       -6.90580       -4.46943
   1262.50000       -6.59036       -4.45231
   1287.50000       -6.21382       -4.43134
   1312.50012       -5.71485       -4.43102
   1337.50012       -5.20837       -4.43102
   1362.50012       -4.63101       -4.27842
   1387.50000       -4.05853       -4.13071
   1412.50000       -3.56255       -3.99140
   1437.50012       -3.12221       -3.89188
   1462.50012       -2.68920       -3.60638
   1487.50012       -2.33104       -3.33867
   1512.50000       -2.00406       -3.17018
   1537.50000       -1.70430       -3.07173
   1562.50012       -1.25803       -2.97333
   1587.50012       -0.80774       -2.91820
   1612.50012       -0.29258       -2.87430
   1637.50000       0.27596       -2.87430
   1662.50000       0.82070       -2.87430
   1687.50012       1.35501       -2.87430
   1712.50012       1.81790       -2.67636
   1737.50012       2.30666       -2.37204
   1762.50000       2.82686       -2.09346
   1787.50012       3.42722       -2.01254
   1812.50012       3.94995       -2.04048
   1837.50012       4.45340       -2.06454
   1862.50012       4.87029       -2.07057
   1887.50000       5.15480       -2.07189
   1912.50012       5.38779       -2.07145
   1937.50012       5.57489       -2.06882
   1962.50012       5.65836       -2.06882
   1987.50012       5.70022       -2.06882
   2012.50000       5.75105       -2.05656
   2037.50012       5.80206       -2.00541
   2062.50000       5.84859       -1.87911
   2087.50000       5.89789       -1.62731
   2112.50024       5.96525       -1.35875
   2137.50000       6.06023       -1.18535
   2162.50024       6.24125       -1.02672
   2187.50000       6.49679       -0.84019
   2212.50000       6.81536       -0.66225
   2237.50024       7.26312       -0.47669
   2262.50000       7.67839       -0.36160
   2287.50024       8.07799       -0.24866
   2312.50000       8.51269       -0.13225
   2337.50000       8.85462       -0.03448
   2362.50024       9.14542       0.03777
   2387.50000       9.35941       0.04595
   2412.50024       9.54225       0.07798
   2437.50000       9.67120       0.12706
   2462.50000       9.82013       0.23036
   2487.50024       9.98994       0.36940
   2512.50000       10.16150       0.53025
   2537.50024       10.25099       0.64623
   2562.50024       10.31016       0.67050
   2587.50000       10.34076       0.67050
   2612.50024       10.39424       0.67050
   2637.50000       10.48872       0.69967
   2662.50024       10.59264       0.77772
   2687.50024       10.68964       0.83511
   2712.50000       10.73501       0.88176
   2737.50024       10.77567       0.95956
   2762.50000       10.81416       1.05856
   2787.50024       10.90126       1.13430
   2812.50024       11.17570       1.22763
   2837.50000       11.52555       1.31483
   2862.50024       11.87927       1.31857
   2887.50000       12.25609       1.28770
   2912.50024       12.60550       1.27984
   2937.50024       12.88878       1.28190
   2962.50000       13.14128       1.28478
   2987.50024       13.32781       1.30407
   3012.50000       13.50226       1.30636
   3041.93579       13.61986       1.30636
   3080.24219       13.61387       1.31819
   3127.41943       13.63315       1.33445
   3183.46777       13.67921       1.21443
   3248.38745       14.14020       0.93933
   3322.17749       14.38066       0.79969
   3404.83911       14.42096       0.29281
   3496.37134       14.59972       0.05468
   3596.77466       15.19203       0.47511
   3706.04858       15.41081       1.41802
   3824.19360       15.42178       1.44312
   3951.20996       15.30674       0.93468
   4087.09668       14.92676       0.60685
   4231.85498       14.86816       0.29233
   4385.48438       14.80170       0.14763
   4547.98389       15.04482       0.02384
   4719.35498       15.52705       -0.62341
   4899.59668       15.86778       -1.95746
   5088.71045       15.79998       -2.67978
   5286.69385       14.87485       -0.56324
   5493.54834       14.30706       -0.07457
   5709.27490       10.66437       -0.59648
   5933.87109       10.73799       -0.73020
   6167.33936       10.32395       -1.58271
   6409.67822       12.58925       -0.21178
   6660.88770       14.56273       1.07648
   6920.96826       13.11975       6.18726
   7189.91943       8.61739       9.10284
   7467.74170       5.30736       11.38354
   7754.43604       0.22997       11.68512
   8050.00000       2.26485       10.45948
   8350.00000       7.11245       9.47220
   8650.00098       9.38721       10.79639
   8950.00098       8.84968       12.74472
   9250.00000       10.71431       15.95749
   9550.00000       12.83291       17.15303
   9850.00000       5.13316       13.26494
   10150.00098       2.19116       12.03968
   10450.00098       -2.85654       13.37897
   10750.00098       -3.56023       13.19057
   11050.00000       -2.31778       12.87113
   11350.00000       -2.31778       12.87113
   11650.00098       -2.31778       12.87113
   11950.00098       -2.31778       12.87113
   12250.00098       -2.31778       12.87113
   12550.00000       -2.31778       12.87113
   12850.00000       -2.31778       12.87113
   13150.00098       -2.31778       12.87113
   13450.00098       -2.31778       12.87113
   13750.00098       -2.31778       12.87113
   14050.00000       -2.31778       12.87113
   14350.00000       -2.31778       12.87113
   14650.00098       -2.31778       12.87113
   14950.00098       -2.31778       12.87113
   15250.00098       -2.31778       12.87113
   15550.00098       -2.31778       12.87113
   15850.00000       -2.31778       12.87113
